4294967294,0
4294967279,82
4294967279,81
4294967279,80
4294967279,79
4294967279,78
4294967279,77
4294967279,76
4294967279,75
4294967279,74
4294967279,73
4294967279,72
4294967279,71
4294967279,70
4294967294,61
4294967294,43
4294967294,416
4294967294,92
4294967294,88
8,0
4294967279,251
4294967279,246
4294967279,244
4294967279,242
4294967279,240
4294967279,238
4294967279,234
4294967279,232
4294967279,93
4294967279,92
4294967279,91
4294967279,90
4294967279,89
4294967279,87
4294967279,86
4294967279,85
4294967279,84
4294967279,83
4294967279,230
4294967279,228
4294967279,226
4294967279,224
4294967279,222
4294967279,220
4294967279,104
4294967279,218
4294967279,103
4294967279,216
4294967279,102
4294967279,214
4294967279,101
4294967279,100
4294967279,99
4294967279,98
4294967279,97
4294967279,96
4294967278,391
4294967279,327
4294967279,95
4294967278,390
4294967279,326
4294967279,94
4294967278,389
4294967279,325
4294967278,388
4294967279,324
4294967278,387
4294967279,323
4294967278,386
4294967279,322
4294967278,385
4294967279,321
4294967278,384
4294967279,320
4294967278,383
4294967279,575
4294967278,382
4294967279,574
4294967278,381
4294967279,573
4294967278,380
4294967279,572
4294967278,379
4294967279,571
4294967278,378
4294967279,570
4294967278,377
4294967279,569
4294967278,376
4294967279,568
4294967278,375
4294967279,567
4294967278,374
4294967279,566
4294967278,373
4294967279,565
4294967278,372
4294967279,564
4294967279,118
4294967279,117
4294967279,116
4294967279,115
4294967279,114
4294967279,113
4294967279,112
4294967279,111
4294967279,110
4294967279,109
4294967279,108
4294967279,107
4294967279,106
4294967279,105
4294967278,371
4294967279,563
4294967278,370
4294967278,369
4294967279,562
4294967278,368
4294967279,561
4294967278,367
4294967278,366
4294967279,560
4294967278,365
4294967279,559
4294967278,364
4294967279,558
4294967278,363
4294967279,557
4294967278,362
4294967279,556
4294967278,361
4294967278,360
4294967279,555
4294967278,359
4294967279,554
4294967278,358
4294967279,553
4294967279,552
4294967278,357
4294967278,356
4294967279,551
4294967278,355
4294967279,550
4294967278,354
4294967279,549
4294967278,353
4294967279,548
4294967278,352
4294967278,351
4294967278,350
4294967279,547
4294967278,349
4294967279,546
4294967278,348
4294967279,545
4294967279,544
4294967278,347
4294967278,346
4294967279,543
4294967279,542
4294967278,345
4294967278,344
4294967279,541
4294967278,343
4294967278,280
4294967278,8
4294967278,263
4294967278,7
4294967278,6
4294967278,5
4294967278,4
4294967279,132
4294967279,131
4294967279,130
4294967279,129
4294967279,252
4294967279,128
4294967279,127
4294967279,126
4294967279,125
4294967279,124
4294967279,123
4294967279,122
4294967279,121
4294967279,120
4294967279,119
4294967279,540
4294967279,539
4294967279,538
4294967278,342
4294967279,537
4294967279,536
4294967278,341
4294967279,535
4294967278,340
4294967278,137
4294967278,339
4294967279,534
4294967278,338
4294967278,337
4294967279,269
4294967278,19
4294967278,284
4294967279,267
4294967278,18
4294967278,275
4294967279,266
4294967278,17
4294967279,533
4294967278,16
4294967278,272
4294967279,278
4294967278,15
4294967279,532
4294967278,14
4294967278,271
4294967279,531
4294967278,336
4294967278,13
4294967279,276
4294967278,12
4294967278,282
4294967279,530
4294967278,11
4294967278,266
4294967278,335
4294967278,10
4294967279,259
4294967278,9
4294967279,529
4294967278,334
4294967279,528
4294967279,274
4294967279,527
4294967278,333
4294967279,526
4294967278,332
4294967279,525
4294967278,331
4294967279,524
4294967278,330
4294967279,523
4294967278,256
4294967279,522
4294967278,329
4294967278,328
4294967279,521
4294967278,37
4294967278,36
4294967278,35
4294967278,34
4294967278,33
4294967278,32
4294967278,31
4294967278,30
4294967278,29
4294967278,28
4294967278,27
4294967278,26
4294967278,25
4294967278,24
4294967278,23
4294967278,22
4294967278,21
4294967278,20
4294967279,21
4294967279,20
4294967279,18
4294967279,16
4294967279,14
4294967279,13
4294967279,12
4294967278,327
4294967278,326
4294967279,520
4294967278,325
4294967279,519
4294967278,252
4294967279,518
4294967278,251
4294967279,517
4294967278,249
4294967279,516
4294967278,245
4294967278,243
4294967278,241
4294967278,239
4294967279,515
4294967278,324
4294967278,323
4294967279,514
4294967278,235
4294967278,233
4294967278,231
4294967278,229
4294967278,227
4294967278,225
4294967278,223
4294967278,221
4294967278,219
4294967278,217
4294967278,215
4294967278,322
4294967279,513
4294967278,321
4294967279,512
4294967278,320
4294967279,319
4294967278,319
4294967279,318
4294967278,318
4294967279,317
4294967278,317
4294967279,316
8,12
4294967278,151
4294967278,150
4294967279,315
4294967278,316
4294967278,260
10,17
10,13
10,16
4294967279,133
4294967279,314
4294967279,260
4294967279,0
4294967278,255
4294967279,270
4294967279,279
4294967279,277
10,15
4294967278,247
4294967294,7
4294967294,6
8,11
8,10
8,5
8,9
10,14
10,11
10,12
4294967279,263
4294967279,262
8,8
10,10
10,5
10,9
4294967278,132
4294967278,131
4294967278,124
4294967278,122
4294967278,121
4294967278,120
4294967278,119
4294967278,118
4294967278,117
4294967278,116
4294967278,115
4294967278,114
4294967278,113
